
power = 1917.55284248835
throughput = 7991.81
composite = 3914.67980582407
